DST1401*01  X220   0   4   3   1   1  -1  -4  -6  -7  -5   3  12  10  -1 -19 -32 -39 -32 -27 -26 -26 -27 -25 -17 -13 -11
DST1401*02  X220   0 -15 -14 -15 -23 -24 -19 -17 -22 -19 -20 -24 -23 -15 -20 -25 -27 -24 -18 -18 -12 -11 -15 -16 -13 -19
DST1401*03  X220   0  -9  -6  -5  -9 -13 -11 -15 -18 -17 -20 -22 -19 -19 -17 -15 -16 -26 -29 -28 -31 -30 -24 -21 -19 -18
DST1401*04  X220   0 -14 -10 -10 -12 -12 -13 -10  -8  -8 -12 -12  -6  -1  -4  -7 -10 -10  -7  -5 -11 -15 -14 -11 -10 -10
DST1401*05  X220   0 -10  -8  -8  -8  -9  -7  -4  -6  -7  -9 -11 -13 -14 -12  -9 -10 -10  -5  -3  -5  -8  -8  -7  -8  -8
DST1401*06  X220   0 -10  -9  -8  -8  -6  -3  -3  -6  -8 -10 -10  -9  -5  -6  -5  -2  -2  -5  -6  -9  -9  -8 -10 -10  -7
DST1401*07  X220   0 -10  -8  -7 -10 -10  -6  -6  -9 -10 -10 -11  -9  -9 -12 -10  -2  -2  -8  -9  -3  -1   0   4   2  -7
DST1401*08  X220   0  -1  -8 -12 -13 -14 -11 -11 -11 -12 -13 -12 -10 -12 -14 -13  -9  -9  -5  -3  -4  -7  -3   1   0  -9
DST1401*09  X220   0   0  -5 -14 -22 -22 -20 -16 -15 -19 -21 -21 -18 -17 -15  -9  -4  -1   0   1  -3   4   3   4   6  -9
DST1401*10  X220   0   5   2  -1  -2  -5  -8  -6  -4  -3   3   4   2  -1  -3  -2   0  -5  -7  -6  -5  -4  -2  -2  -4  -2
DST1401*11  X220   0  -4  -5  -6  -8  -8  -5   0   3   4   6   8  10  10   9   9   8   5   6   5  -2  -7 -10  -8  -2   1
DST1401*12  X220   0  -2  -8  -9  -7  -6  -5  -2   1  -2  -6  -7  -7  -8 -12 -13 -10  -8  -8  -6  -9 -13  -8 -13 -15  -8
DST1401*13  X220   0 -15 -17 -19 -20 -20 -13  -8  -1   1   3   4   2  -1  -2  -2  -4  -3  -4  -3  -3  -5  -5  -4  -6  -6
DST1401*14  X220   0 -10 -17 -14 -12 -10 -11 -10  -8 -10  -8  -3  -1  -5  -9 -11 -13 -10  -7  -4  -7 -10  -8  -5  -8  -9
DST1401*15  X220   0 -10 -12 -11 -12 -17 -18 -18 -15 -14 -13 -11  -9  -7  -5  -4  -4  -4  -3  -2  -3  -5  -7  -8  -8  -9
DST1401*16  X220   0  -8  -9  -7  -6  -5  -4  -4  -3   0   1   0   0  -2  -3  -2  -1   0   2   4   3   4   5   4   0  -1
DST1401*17  X220   0  -1   0   2   2   0  -1   0   3   6   6   5   4   3   2   2   3   6   9   8   4   0  -1  -4  -5   2
DST1401*18  X220   0  -7  -9 -10  -8  -8  -6  -4  -4  -4  -4  -3  -1   1   3   4   4   2   0   2   5  12  14  14  12   0
DST1401*19  X220   0  13  13  13  11   6   7   8   9   9   8   8  11  11  12  12  13  11  11  10   6   2   0   0   0   9
DST1401*20  X220   0  -1  -1   2   6   9   9   7   4   4   1  -1  -3  -2  -3  -3   0   0   1   2   1   2   6   5   8   2
DST1401*21  X220   0   7   5   9  11  10  10   5   1   7   9   0  -5   0   2  11  17  12   2   1   3   3  -9  -8  -6   4
DST1401*22  X220   0  -6  -9 -10 -10 -12 -12 -13 -16 -17 -13  -9  -9 -12 -10 -11  -9  -4  -3  -1  -3  -4  -6  -6  -5  -9
DST1401*23  X220   0  -5  -9  -8  -7 -12 -14 -10  -8  -6  -4  -3  -1  -3  -9  -9  -4  -4  -2   0  -3  -7 -10 -13 -16  -7
DST1401*24  X220   0 -15 -12 -12  -9 -11  -8  -5  -2  -2  -3  -3  -1   0   3   3   3   3   5   5   5   6   6   1  -1  -2
DST1401*25  X220   0  -1  -5 -11 -15 -15 -13 -12 -12  -5  -2  -1   0   2   1  -5  -9 -11  -7  -2  -1  -2 -11 -17 -21  -7
DST1401*26  X220   0 -21 -19 -19 -21 -24 -26 -27 -26 -24 -17 -12  -8  -8  -9  -8  -8  -8  -8  -6  -9  -7  -5  -3  -1 -14
DST1401*27  X220   0   0   0  -3  -8 -13 -13 -10  -8  -6  -2   1   0  -2  -4  -3  -1   0   1   2   0  -2  -3  -4  -4  -3
DST1401*28  X220   0  -2  -1  -2  -6 -10 -10  -6  -2   1  -1  -5  -5  -5  -5  -2  -1   2   3   2  -2  -4 -11 -12 -12  -4
DST1401*29  X220   0 -10  -2  -4  -6 -12 -13 -15 -15 -12  -6  -2   0   2  -1  -5  -8 -10  -8  -7  -6  -5  -6  -4  -5  -7
DST1401*30  X220   0  -5  -4  -5 -11 -15 -11 -11 -13 -13 -11  -7  -5  -4  -4  -6  -8  -7  -5  -1  -5  -2  -1  -7  -8  -7
DST1401*31  X220   0  -7  -8  -9  -8  -7  -7  -6  -4  -1   2   5   5   4   2   0   0   1   3   5   6   4   1  -2  -3  -1
DST1402*01  X220   0   0   3   4   3   3   4   4   4   4   2   1   5   8   8  11  12  11  11   9   4   3  -3  -6  -3   4
DST1402*02  X220   0  -3  -2  -1  -1  -4  -5  -5  -5  -5  -5  -2   1   4   4   2   1   4   8   9   7   2  -2  -4  -5   0
DST1402*03  X220   0   3   8   9   9   5   0   2   6   4   5   3   5   6   4   0  -1  -4  -1   4   5   3   0  -8 -12   2
DST1402*04  X220   0  -9 -11  -5   0   2   4   2   3   3   3   2   0  -2  -1  -1   0  -2   0   5   9  10   9   8   6   1
DST1402*05  X220   0   6   4   5   4   8  10   8   7   8   8   5   4   5   3   1   3   7  10  12  13  14  12   7  -1   7
DST1402*06  X220   0  -2  -2  -3  -1  -4 -10 -15 -15 -16 -21 -28 -29 -28 -31 -31 -25 -27 -20 -16 -11 -11 -16 -18 -19 -17
DST1402*07  X220   0 -20 -20 -20 -18 -15 -14 -16 -17 -20 -20 -19 -19 -18 -16 -15 -11 -11   9   7   9   7  10   4 -22 -11
DST1402*08  X220   0 -26   6  15  17   8  -6 -10 -19 -29 -23 -21 -20 -17 -28 -28 -28 -27 -32 -31 -25 -22 -29 -32 -28 -18
DST1402*09  X220   0 -31 -39 -35 -31 -26 -31 -38 -35 -34 -28 -23 -24 -22 -28 -28 -25 -26 -27 -28 -21 -27 -31 -31 -28 -29
DST1402*10  X220   0 -25 -24 -21 -19 -22 -26 -27 -27 -29 -30 -29 -27 -26 -25 -24 -23 -21 -20 -12 -13 -22 -21 -21 -23 -23
DST1402*11  X220   0 -21 -20 -18 -16 -14 -14 -17 -17 -14 -14 -17 -17 -15 -13 -13 -14 -11  -8  -6  -6 -13 -19 -23 -24 -15
DST1402*12  X220   0 -17 -14 -13 -13 -17 -20 -20 -17 -14 -16 -22 -20 -16 -14 -14 -15 -18 -17 -14 -11 -10  -9  -4  -3 -15
DST1402*13  X220   0   0   5   5   6   7   7   8   5   3   0   4   4   5   5   3   3   3   2   2   3   3   2   2   2   4
DST1402*14  X220   0   4   5   6   6   6   5   7   8   5   3   3   3   0   5   9   5   4   0   0   1   0   2   2   1   4
DST1402*15  X220   0  -3  -7  -9  -5   0   2   3   3   1  -5  -6  -1   8  24  24  29  31  34  38  39  42  44  38  27  15
DST1402*16  X220   0   6 -13  -5  -1  -9 -13  -9  -8 -10 -15 -23 -24 -18 -12 -14 -12 -23 -25 -24 -27 -30 -31 -28 -22 -16
DST1402*17  X220   0 -21 -23 -25 -22 -17 -19 -21 -23 -23 -25 -27 -25 -22 -17 -18 -21 -22 -17 -13 -14 -14 -11 -15 -17 -20
DST1402*18  X220   0 -14 -13 -11  -9 -10 -11  -8  -4  -8 -10 -11  -8  -2   0  -1  -3 -10 -19 -16 -20 -27 -35 -43 -52 -14
DST1402*19  X220   0 -61 -62 -67 -58 -55 -74 -97-107-119 -98 -87 -76 -71 -58 -60 -59 -53 -51 -49 -45 -44 -44 -42 -47 -66
DST1402*20  X220   0 -49 -52 -53 -37 -50 -74 -80 -65 -64 -62 -78 -93 -95 -85 -67 -64 -65 -57 -47 -47 -45 -49 -50 -50 -62
DST1402*21  X220   0 -52 -56 -56 -48 -46 -46 -49 -49 -52 -53 -53 -51 -46 -45 -47 -49 -43 -40 -40 -40 -40 -38 -43 -56 -47
DST1402*22  X220   0 -61 -64 -54 -54 -50 -50 -51 -44 -41 -41 -36 -36 -32 -30 -29 -29 -26 -27 -26 -24 -21 -21 -26 -27 -38
DST1402*23  X220   0 -26 -28 -27 -24 -17  -8  -4   8   2   2  -2 -14 -20 -18 -10 -24 -38 -42 -48 -55 -51 -44 -50 -54 -25
DST1402*24  X220   0 -52 -49 -47 -46 -41 -38 -37 -36 -38 -36 -32 -31 -32 -31 -31 -31 -27 -24 -20 -14 -12 -11  -9 -11 -31
DST1402*25  X220   0 -13 -17 -18 -17 -16 -17 -17 -17 -16 -13 -13 -16 -19 -19 -18 -15 -13 -13 -15 -14 -13 -11 -12 -10 -15
DST1402*26  X220   0 -12 -14 -14 -11  -8  -6  -6  -6  -6  -4  -5  -5  -6  -7  -8  -9  -8  -7  -8  -7  -4   1   5   1  -6
DST1402*27  X220   0  -1  -1  -4  -8  -8  -5  -5  -5  -4  -3  -2  -4 -11 -13 -16 -20 -15  -8 -19 -36 -64 -94 -95 -97 -22
DST1402*28  X220   0 -93 -94 -92 -81 -74 -70 -67 -65 -68 -62 -56 -53 -56 -58 -58 -56 -54 -57 -50 -44 -39 -36 -34 -32 -60
DST1403*01  X220   0 -33 -33 -32 -32 -34 -39 -46 -51 -52 -50 -48 -46 -43 -41 -37 -35 -35 -32 -31 -30 -27 -23 -24 -24 -37
DST1403*02  X220   0 -28 -29 -30 -28 -26 -26 -26 -24 -24 -25 -26 -27 -26 -25 -25 -24 -24 -22 -19 -14 -10  -4  -1  -2 -21
DST1403*03  X220   0  -5 -12 -18 -23 -25 -26 -24 -25 -25 -24 -22 -22 -25 -23 -19 -15 -12 -12 -12  -9  -6  -4  -5  -6 -17
DST1403*04  X220   0  -9 -14 -15 -13  -9  -4  -3  -2  -4  -9 -16 -19 -17 -17 -15 -16 -14 -11  -9  -6  -6  -5  -4  -8 -10
DST1403*05  X220   0  -9 -11 -10  -9  -7  -5  -6  -7  -8 -10 -12 -12 -11  -8  -9  -9  -6  -4  -7  -7 -12  -6  -6  -6  -8
DST1403*06  X220   0  -6  -9  -9  -6  -5  -4  -5  -6  -5  -8 -12 -10  -8  -8 -11 -14 -17 -15 -14 -11  -8  -6  -4  -5  -9
DST1403*07  X220   0  -7  -9  -9  -7  -7  -6  -6  -6  -4  -6  -6  -5  -4  -5  -5  -6  -7  -8  -8  -8  -7  -7  -8  -9  -7
DST1403*08  X220   0 -11 -12 -10  -9  -7  -6  -6  -5  -6  -6  -6  -6  -7  -7  -7  -8  -7  -7  -9  -8  -6  -2  -2  -6  -7
DST1403*09  X220   0  -5  -5  -5  -3  -3  -3  -6  -6  -3  -3  -2  -2  -4  -5  -5  -3   0   1   0   2   4   4   6   5  -2
DST1403*10  X220   0   4   3   3   3   7   9  10  11   9   4  -4  -2  -1  -2  -3  -1  -2  -5  -9 -10  -7  -5  -3  -2   0
DST1403*11  X220   0  -1  -2  -5  -5  -3  -1   0   1  -1   0   0   0   2   1  -1  -2  -2  -3  -6  -8 -10  -9  -7  -5  -3
DST1403*12  X220   0  -6  -7  -9 -11 -10  -8  -8  -9  -8  -5  -2  -1  -4  -6  -5  -5  -6  -3  -4  -3  -1  -1  -6 -12  -6
DST1403*13  X220   0 -12 -20 -33 -41 -43 -36 -35 -33 -24 -24 -22 -22 -20 -24 -22 -19 -15 -14 -13  -9 -13 -12  -7  -5 -22
DST1403*14  X220   0  -7 -12 -19 -21 -19 -17 -15 -12 -12 -11 -13 -15 -16 -16 -15 -14 -13 -12 -13 -12 -11  -7  -4  -7 -13
DST1403*15  X220   0 -10 -12 -14 -17 -15 -14 -11 -10  -7  -6  -6  -3   0   1   1   1   1   1  -2  -5  -8  -7  -3  -2  -6
DST1403*16  X220   0  -4  -6  -8 -10 -12 -12 -10  -8  -7  -5  -2  -3  -5  -5  -4  -3  -3  -3  -2  -4  -4  -4  -4  -3  -5
DST1403*17  X220   0   0   2   4   3   2   3   4   5   5   5   4   0   3   5   7   5   5   4   6   7   4   0  -4  -4   3
DST1403*18  X220   0  -5  -5  -3  -3  -4  -7  -5  -3  -2  -8 -10 -11 -12 -14 -15 -12 -10  -6  -4  -4  -2   1   3   1  -6
DST1403*19  X220   0  -2  -3  -4  -3  -4  -4  -6  -4  -6  -4   0   2   1  -1  -2  -3  -2  -1  -2  -1  -3   0   2   0  -2
DST1403*20  X220   0  -3  -3  -3  -3  -2  -1   4   9   7   2   2   5  14  19  19  18  18  15  14  10   9  15  16  10   8
DST1403*21  X220   0   3  -1  -6 -13 -15 -15 -16 -17 -21 -21 -22 -17  -7  -7 -13  -8  -9  -9  -7  -6  -9  -9 -10  -6 -11
DST1403*22  X220   0  -2   2  -4  -1   0   3   4   7   6   5   4   3   3   3   2   3   1   1   3   3   0   0   1   0   2
DST1403*23  X220   0  -3  -4  -4  -3  -4  -5  -1   0  -2  -4  -6  -7  -5  -3  -2  -4  -6  -6  -6 -12 -10  -9 -11 -11  -5
DST1403*24  X220   0 -10  -9  -7  -5  -2   0   3   4   3   3   0  -2   2   5   4   4   2  -2  -4  -3  -1  -2  -3  -6  -1
DST1403*25  X220   0  -8  -8  -4   1   4   5   7   8   9  13   8   8  11   8  11  11   7   2   0   1  14  16  11  -2   6
DST1403*26  X220   0  -8 -14 -17 -13 -11 -12 -12 -19 -23 -13 -11 -15 -14  -9  -6  -5  -4  -5 -10 -13 -10  -7  -5  -3 -11
DST1403*27  X220   0  -2  -1   0   0   1  -1  -4  -3  -2  -4 -10 -14 -15 -14 -17 -19 -19 -22 -24 -24 -19 -15 -13 -11 -11
DST1403*28  X220   0 -10  -9  -8  -6  -6  -6  -8  -7  -4  -9 -15 -12 -13 -12  -9  -8  -8  -8  -8  -8 -12 -11 -11 -17  -9
DST1403*29  X220   0 -19 -18 -19 -22 -23 -17 -14 -16 -12 -10  -8  -8  -9  -7  -6  -5  -4  -3  -3  -4  -5  -7  -4  -3 -10
DST1403*30  X220   0  -3   0   3   4   0  -4  -5  -1   2   2  -2  -2  -2   3   6   7   6   6   4   1  -1  -4  -4  -3   1
DST1403*31  X220   0  -5  -4  -3  -3  -3   0   2   1   0  -2  -1  -4  -2   3   6   7   1  -8 -13  -9  -8  -8 -10 -13  -3
DST1404*01  X220   0 -15 -15 -12  -9  -7  -4  -4  -6  -6  -6  -5  -2   3   7  10   5  -1  -4  -7  -5  -4  -2  -6  -6  -4
DST1404*02  X220   0  -6  -4  -1   1   2   2   1   0  -2  -5  -5  -2   2   3   4   4   1  -2  -1  -1  -3  -5  -5  -6  -1
DST1404*03  X220   0  -8  -7  -4  -1   2   2   1   2   0  -4  -3  -2   3   6   6   6   1  -1   0   3   2  -3  -4  -4   0
DST1404*04  X220   0  -4  -2   1   4   4   5   3   0  -3  -2  -1   1   0   5   6   5   4   2   1   1   2   0  -1  -1   1
DST1404*05  X220   0  -2  -3   0   4   5   4   1   4   4  -5  -9  -5 -15  -8  -3   0   2   8  10   8  10   5   6  -5   1
DST1404*06  X220   0  -9  -7  -5  -2  -2  -1   1   1   0  -3  -5  -3  -2  -4  -6  -6  -7  -6  -5  -4  -3  -2  -1  -2  -3
DST1404*07  X220   0 -10 -12 -12 -12 -15 -15 -14 -12  -8  -6  -4  -2   3   9   4 -10  -7  -9  -8 -13 -18 -21 -21 -23 -10
DST1404*08  X220   0 -19 -16 -15 -12 -14 -13  -9  -8  -8  -6  -8  -8  -9 -16 -14 -11 -12 -15 -15 -16 -18 -16 -13 -10 -13
DST1404*09  X220   0  -9  -7  -6  -6  -6  -5  -6 -10 -12 -13 -13 -12 -10 -10 -10 -10 -11 -12 -13 -17 -18 -16 -15 -13 -11
DST1404*10  X220   0 -11  -9  -8  -7  -7  -7  -8 -12 -15 -12 -10 -10  -9  -5  -4  -5  -5  -5  -6  -9  -5  -2  -2  -1  -7
DST1404*11  X220   0  -1   1   4   6   9  15  16  10   2   4   6   5   3   1  -3  -3  -6 -10 -17 -24 -31 -34 -41 -51  -6
DST1404*12  X220   0 -61 -53 -56 -57 -67 -76 -83 -82 -86 -87 -85 -82 -76 -62 -60 -59 -57 -57 -52 -51 -57 -56 -52 -49 -65
DST1404*13  X220   0 -45 -46 -49 -54 -58 -63 -59 -52 -52 -50 -41 -32 -32 -32 -35 -34 -30 -29 -33 -35 -36 -42 -46 -40 -43
DST1404*14  X220   0 -34 -30 -30 -27 -26 -23 -25 -24 -24 -22 -22 -21 -20 -20 -18 -18 -18 -19 -20 -25 -29 -30 -28 -29 -24
DST1404*15  X220   0 -24 -18 -17 -17 -19 -16 -18 -16 -16 -16 -15 -14 -13 -15 -13 -13 -13 -13 -15 -19 -21 -21 -20 -16 -17
DST1404*16  X220   0 -11  -7  -5  -4  -3  -5  -6  -6  -5  -5  -8  -9  -5   1   3   4   3   3   5   3   0  -2  -2  -3  -3
DST1404*17  X220   0  -4  -2 -10 -12  -9  -3  -4  -5  -6  -6  -4   1   4   4  -8 -17 -18 -16 -15 -13 -14 -12 -11 -11  -8
DST1404*18  X220   0 -12 -10  -7  -5 -11 -11  -9  -9 -12 -13 -13  -7  -2   2   0   3   7  10  11   8   5   2   4   0  -3
DST1404*19  X220   0  -1  -3  -7   3   7 -11 -19 -13  -6 -13 -17 -12  -8  -1  -1  -1  -2  -1   3   2  -1  -4 -10 -14  -5
DST1404*20  X220   0 -11   0   5   4   4  -6  -7  -4  -5  -5  -2  22  19  10  13   0  -3  -2  -6  -3   6  -1  -9 -14   0
DST1404*21  X220   0 -14 -13 -21 -23 -22 -19 -19 -16  -3 -13 -20 -16 -17 -25 -32 -29 -17 -18 -19 -12  -8 -13 -13 -13 -17
DST1404*22  X220   0 -17 -18 -19 -20 -15 -12 -10  -5  -1   0  -4 -10 -12 -12 -13 -14 -15 -14 -16 -15 -13 -12 -11 -10 -12
DST1404*23  X220   0 -11 -10  -5  -6  -5  -4  -2  -2  -3  -3  -5  -8  -9 -10  -9  -9  -7 -10 -13 -18 -15 -10  -6  -7  -8
DST1404*24  X220   0 -10  -7   0   4   0  -3  -4  -6 -16 -19 -15 -18 -17 -17 -20 -20 -21 -20 -18 -17 -15 -12 -16 -21 -13
DST1404*25  X220   0 -20 -16 -13 -12 -14 -11 -10  -9 -10 -11  -9 -11 -15 -16 -14 -15 -15 -17 -13 -19 -21 -21 -21 -22 -15
DST1404*26  X220   0 -20 -18 -16 -16 -18 -18 -15 -12 -10  -9 -14 -18 -19 -20 -21 -20 -20 -23 -25 -25 -24 -21 -17 -13 -18
DST1404*27  X220   0 -10  -7  -8  -9  -9  -9  -6  -4  -4  -3  -3  -4  -3  -3  -3  -4  -5  -4  -3  -5  -3  -2  -1   4  -5
DST1404*28  X220   0   6   8   5  -2  -8 -11 -11 -14 -18 -16 -11 -11 -12 -15 -13 -11 -11 -10  -9  -8  -8  -8 -10  -7  -9
DST1404*29  X220   0  -3  -3  -5  -4  -5  -5  -4   0  -1  -1   1   2   4   7   7   7   9  10  14  15  19  10   3  -2   3
DST1404*30  X220   0 -11 -19 -24 -30 -39 -48 -58 -62 -63 -67 -65 -59 -56 -52 -53 -56 -55 -52 -49 -39 -39 -39 -34 -27 -46
DST1405*01  X220   0 -27 -24 -20 -20 -23 -24 -21 -20 -17 -15 -13 -11 -10 -11 -13 -10  -9 -11 -11 -14 -14 -14 -13 -11 -16
DST1405*02  X220   0 -13 -11 -10 -12 -13 -12  -9  -8  -8  -6  -4  -1  -1  -4  -6  -7  -6  -4  -1   0  -1  -2  -2  -2  -6
DST1405*03  X220   0  -3  -2   2   3   6   7   9   6   5   6   9  12  11   9   7   7   9  11  13   2  -2 -14 -24 -27   3
DST1405*04  X220   0 -31 -33 -30 -28 -35 -40 -43 -42 -47 -45 -33 -29 -24 -33 -32 -29 -29 -31 -28 -21 -17 -19 -18 -14 -30
DST1405*05  X220   0 -13 -11 -10  -7 -16 -27 -23 -19 -21 -17 -11 -10 -13 -13 -14 -20 -28 -31 -25 -21 -17 -16 -13 -14 -17
DST1405*06  X220   0 -13 -12 -11 -11 -11 -13 -11 -10  -9  -7  -7  -8  -6  -4  -6  -8  -7  -5  -5  -5  -4  -4  -4  -2  -8
DST1405*07  X220   0  -1  -1  -1   0  -1  -2  -2  -3  -3  -4  -4  -2  -3  -6  -7  -7  -5  -4  -3  -4  -5  -6  -2   0  -3
DST1405*08  X220   0  -1  -4  -6 -11 -18 -22 -29 -39 -46 -38 -26 -15 -18 -23 -27 -29 -36 -35 -33 -24 -30 -38 -41 -34 -26
DST1405*09  X220   0 -34 -38 -35 -34 -36 -35 -30 -31 -26 -21 -18 -17 -15 -14 -11 -10 -12 -13 -12  -9  -9 -10  -8  -6 -20
DST1405*10  X220   0  -5  -5  -5  -7 -10 -16 -12 -13 -20 -19 -14 -10 -11 -12 -14 -13 -13 -13 -15 -22 -29 -32 -24 -20 -15
DST1405*11  X220   0 -25 -32 -25 -25 -25 -24 -15 -12 -14 -16 -21 -18 -15 -15 -17 -19 -19 -20 -21 -24 -25 -27 -22 -15 -20
DST1405*12  X220   0 -13 -16 -14 -16 -18 -17 -16 -16 -19 -18 -17 -18 -18 -16 -15 -14 -14 -11  -9 -12 -13 -12 -10  -7 -15
DST1405*13  X220   0  -5  -2  -3  -5  -5  -1   0  -2  -2  -3  -1  -2  -2   2   3   5   4   3   6   8   6   4   4   5   1
DST1405*14  X220   0   6   6   5   4   3   4   6   7   6   6   6   5   3  -1  -3  -3  -4  -1   2   4   3   1   3   6   3
DST1405*15  X220   0   5   2   2   3   5   6   5   5   4   3   4   6   7   5   8  10  12  10   9   9   9  10  11   9   7
DST1405*16  X220   0   5   3   2  -3  -7  -4   2   5   6   8  12  11  10   9  10   9   6   5   2  -1  -2  -3  -2  -1   3
DST1405*17  X220   0   1   2   2  -2  -4  -2   0  -1  -2  -3  -3  -5  -7  -7  -7  -3   0   2   3   8  10   9   7   3   0
DST1405*18  X220   0   1  -3   1   2  -4  -1   4   4   5   6   8   7   6   6   4   2   1   0   1   3   5   5   3   1   3
DST1405*19  X220   0   1   1   1  -1  -1   2   7   8   8   9   9   7   3   0  -2  -1   1   2   3   6   6   5   3   4   3
DST1405*20  X220   0   4   1   0   0  -1   1   2  -1  -4  -3  -1   2  -1  -3  -1   0   0   1   5   5   6   6   6   6   1
DST1405*21  X220   0   5   3   3   2   3   4   4   6   7   8   9   7   7   7   8  11  12  14  15  15  15  18  18  16   9
DST1405*22  X220   0  14  13  14  14  15  10   7   6   6   8  11  11  10   7   8   1  -1  -4 -10 -14 -15  -9  -5  -2   4
DST1405*23  X220   0 -11 -14 -21 -25 -19 -15 -11  -8  -2  -1   1   2   0  -4  -4  -4  -7 -14 -16 -24 -28 -36 -19 -23 -13
DST1405*24  X220   0 -21 -21 -24 -23 -23 -20 -20 -16 -15 -12  -9  -8  -9 -10 -14 -17 -19 -20 -19 -19 -19 -19 -15 -14 -17
DST1405*25  X220   0 -11 -11 -14 -14 -14 -12 -10  -9  -7  -4  -3  -5  -8 -11 -12 -13 -11  -8  -6  -5  -5  -6  -5  -5  -9
DST1405*26  X220   0  -6  -6  -6  -6  -7  -8  -6  -6  -7  -5  -6  -4  -4  -4  -4  -5  -6  -5  -4  -6  -8 -10  -9  -6  -6
DST1405*27  X220   0  -5  -7  -5  -4  -3  -1   2   2   1   2   3   5   4   5   8  10  12  11  10   8   8   6   9  15   4
DST1405*28  X220   0  18  11   4   1  -2   0   3   4   3   3   4   3   2   1   2   0  -2  -5  -4  -2  -2   2   5   3   2
DST1405*29  X220   0   7   6   5   2   0   1   4   5   2  -1  -6 -14 -15 -15 -14 -13 -11 -10  -8 -10  -9  -6  -6  -7  -5
DST1405*30  X220   0  -9  -9  -7  -4   0   1   0  -2  -1   4  11  16  10  10   5  -1  -6  -9 -16 -28 -22 -14  -9  -9  -4
DST1405*31  X220   0  -7  -7  -4   1   6  11   8   5   3   3   5   8  13  14  15  14  12  10   8  10  11  10  11  15   7
DST1406*01  X220   0  13  10   8   7   9  11  12  12  15  12   8  10  11  10  11  10   8   8  10  12  12  11  12   9  10
DST1406*02  X220   0   7   5   6   7   5   8   8   8   9  11  11  12  12  12  11   6   4   8  11  13  15  14  11   8   9
DST1406*03  X220   0   0  -6 -10  -1   8   6   4   2   1   3   6   9   9   8   5   4   3   5   9  13  13  10  11  11   5
DST1406*04  X220   0   8   8   6   4   2   4   3   0  -2  -1   1   3   7   8   6   1  -2   1   1  -3  -2  -3  -1  -3   2
DST1406*05  X220   0  -4  -4  -6  -9  -9  -3   2   0   0   1   3   3   0   0   1   0   1   3   3   1   0  -3  -3  -4  -1
DST1406*06  X220   0 -10 -16 -16 -17 -15  -9  -7  -6  -5  -3   0   1   0   0  -1  -1   6   7   4   1   4   6   9  11  -2
DST1406*07  X220   0  10   7   2   3   4   3   3   5  -2  -8  -9  -6  -1  -1  -4  -6  -4  17  22  29  14   8  13   6   4
DST1406*08  X220   0   0  -4  17  15   8 -12 -34 -25  -8  -7 -20 -34 -30 -32 -30 -33 -25 -22 -25 -26 -30 -36 -36 -37 -19
DST1406*09  X220   0 -35 -33 -32 -30 -23 -19 -17 -22 -24 -23 -24 -23 -21 -23 -24 -25 -26 -24 -24 -22 -21 -18 -13  -9 -23
DST1406*10  X220   0  -8 -10 -12 -15 -15 -13  -9 -10 -11  -9  -7   2   5   6   3   5   2   1  -2  -2  -4 -11  -9  -6  -5
DST1406*11  X220   0   0   3   6   5   2   4   2   3   4   1  -1   3   5   5   2  -2  -1   0  -1  -5  -8  -8  -6  -6   0
DST1406*12  X220   0  -6  -6  -8  -8  -7  -6  -6  -7  -8  -7  -6  -6  -5  -3   0   0  -1   0   2   0   1  -1   2   5  -3
DST1406*13  X220   0   3   2   3   6   9  11  11   9   9   7  10  14  21  24  23  22  19  17  17  15  14  11   8   6  12
DST1406*14  X220   0   1   2   2   6  11   4   2   2  -5  -6  -2   0  -1  -1  -1  -1   0  -2  -5  -4   0  -2  -5  -2   0
DST1406*15  X220   0  -2  -4  -2  -2  -1   0   0   1  -1  -1   0   0   1   1   0   2   2   4   5   6   7   7   4   2   1
DST1406*16  X220   0   2   2   3   5   4   5   8   4   3   5   6   7   6   5   4   2   1  -2  -3   0  -1   0  -1  -6   2
DST1406*17  X220   0  -8  -9  -4  -2   1  -1  -3  -8 -15  -9  -4   1   5   8   8   9   9   9   8  10   5  -8 -14 -14  -1
DST1406*18  X220   0 -23 -26 -25 -22 -18 -14 -17 -21 -22 -25 -22 -19 -15 -13 -14 -15 -22 -26 -24 -21 -14 -17 -34 -25 -21
DST1406*19  X220   0 -14  -8  -9 -17 -13 -13 -11 -13 -18 -16 -13 -16 -14 -16 -16 -14 -14 -15 -15 -13 -15 -14 -14 -14 -14
DST1406*20  X220   0 -14 -12 -11  -9  -8  -7  -8  -6  -7  -7  -5  -1   2   1   6   3   6   7   8   8   4   1  -4  -4  -2
DST1406*21  X220   0  -1   4   9   9   5   2   0  -8 -17 -23 -21 -18 -18 -16 -16 -14 -13 -10  -9 -11 -13 -14 -12  -6  -9
DST1406*22  X220   0  -3  -4  -4  -4  -6  -7  -6  -5  -5  -5  -4  -5  -5  -8  -9  -9  -8  -9  -9 -10 -14 -15 -13 -11  -7
DST1406*23  X220   0  -9  -2   2   2   1   0  -2  -4  -5  -3  -3  -4  -3   0   2   3   3   2   3   2   3   1  -1  10   0
DST1406*24  X220   0   9  14  16  12   3  -1  -5  -5  -5  -4  -3  -2  -1  -1   0  -1   0   1   3   9   7   3  -2  -4   2
DST1406*25  X220   0  -1   1   3   4   6   7   3  -2  -9  -5   0   7  14  14  18  15  12   9  17  19  16   1   1   1   6
DST1406*26  X220   0   0   3   6  10  12  14  11   6   5   3   1   0  -3  -4  -6  -7  -2   2   1  -2  -1  -1   0   0   2
DST1406*27  X220   0  -2   3   6   7   5   3   1   1   2   4   5   4   3   2   2   2   3   3   4   3   6   6   5   5   3
DST1406*28  X220   0   6   6  11  14  10   7   5   7   9   9   8   4   3   0  -3  -5  -4   2   7   6   0  -5  -2  -1   4
DST1406*29  X220   0   2   2   3   7  10   6   2   0   3   3   2   1   1   3   4   4   5   9  13  18  16  14  12   8   6
DST1406*30  X220   0  -2  -5   1   3   5   5   5   5   5   7  10  11   7   6   5   5   3   1   4   7   6   6   1  -4   4
DST1407*01  X220   0  -5  -1   4   4   2   3   4   3   2   0   1   4   8  10  12  10  11  11   9   4   2   2   1   4   4
DST1407*02  X220   0   8  12  14  15  16  12  11  11  10  11  11  11   9  11  14  16  15  13  11  11  12  11  12  14  12
DST1407*03  X220   0  19  32  32  27  16   4  -2 -11 -13  -7 -12 -12 -15 -14 -10  -9  -8  -7  -6  -8  -9  -6  -1  -1  -1
DST1407*04  X220   0   0   1   0   0   1   1  -1  -3  -6  -8  -3   0  -2  -2  -1   1   2   4   5   6   7   7   6   4   1
DST1407*05  X220   0   4   7   7   6   5   6   6   4   5   4   4   4   4   8  10  13  15  17  17  12   9   7   9   8   8
DST1407*06  X220   0   7   6   6   6   9   8   8   7   7   7   6  14  12  13  16  17  17  18  19  19  18  17  14  10  12
DST1407*07  X220   0  11  12  13  12   8   6   5   5   7   7   8   7   4   0   2   6   7   7   8   6  10   7   4   6   7
DST1407*08  X220   0  10  12   9   6   8   9   8   6   1   3   9  10  10   9  10  14  19  18  15   8   2  -3   1  -3   8
DST1407*09  X220   0  -2   2   5   4   3   1   4   7   8   4   1  -2  -8  -8  -2   3   8  11  10   8   5  -1  -5  -8   2
DST1407*10  X220   0  -8 -14 -18 -23 -19 -17 -15 -12  -9  -7  -5  -7  -8  -9 -12 -12  -7   0   1  -1  -3  -4  -7  -6  -9
DST1407*11  X220   0  -6  -7  -7  -8  -7  -3  -4  -5  -5  -7  -5  -8 -12 -12 -12  -9  -7  -5  -5  -5  -4  -6  -6  -3  -7
DST1407*12  X220   0   3   8   7   4  -6 -12  -9  -8 -11 -16 -18 -22 -28 -28 -24 -21 -18 -16 -14 -10  -5  -6 -11 -11 -11
DST1407*13  X220   0  -9  -7  -5  -2  -5  -9  -7  -6  -1   4   5   2  -2  -3  -2   0   1   4   4   4   4   7   5   2  -1
DST1407*14  X220   0   1   7  10   6   2   3   6   9  14  17  24  28  31  31  37  46  39  32  30  24  14   9   8  13  18
DST1407*15  X220   0  17  21  21  20  16  16  12   6   0  -2   0  -3  -3  -6  -5  -6  -9  -9  -7  -7  -4  -2  -2  -3   3
DST1407*16  X220   0  -2  -2  -2  -3   0  -1  -5  -6  -3   0   1   0  -2  -2   1   3   3   5   3   3   6   5   3   4   0
DST1407*17  X220   0   7   8   7   6   4   4   6   4   3   5   5   4   0   2   1   1   1   3   3   2   4   4   3   2   4
DST1407*18  X220   0  -2  -3  -3  -2  -2   0  -1  -1   1   3   3   3   2   1   0   2   4   4   2  -1  -2  -1   1   3   0
DST1407*19  X220   0   4   4   4   3   2   2   3   2   4   4   5   4   4   2   0   1   0   0   2   4   7   9   7   9   4
DST1407*20  X220   0  12  13  11   9   5   5   5   7   8   8   9   8  10  14  10   8   6   5   8  10  12  12  12  12   9
DST1407*21  X220   0  12   9   6   4   6   8  10  12  14  15  13   8   3   0   1   3   3   4   4   1   2   4   0  -3   6
DST1407*22  X220   0  -6  -7  -5  -2  -1   1   0   0   1   2   4   3   3   3   3   2   1   0  -2  -2  -5  -6  -3   2  -1
DST1407*23  X220   0   8   8   6   3   2   1   3   3   3   2   2   4   6   9  13  17  14  11   9   4   8   9   7   3   6
DST1407*24  X220   0   1   5   8   7   9   7   6   6   6   2   1   2   0  -4  -4  -2  -2   0   0   3   6  11  14  17   4
DST1407*25  X220   0  12   4   0   3   6   4   2   0  -5  -8  -7  -5  -3  -1  -2   1   4   4   4   2  -1   0   2   3   1
DST1407*26  X220   0   3   5   3   0   1  -2  -5 -10 -19 -18 -16 -14 -12 -10  -9  -8  -9 -10 -10  -7  -7  -9  -7  -6  -7
DST1407*27  X220   0  -8  -9  -7  -4  -5  -5  -4  -3  -3  -6  -3   1   5   6   7   6   6   8  10   8   6   3   5  10   1
DST1407*28  X220   0  14  12  16  13  14  11  12   2  -9  -4   0   4   7   9  12  12   7   7   8   1  -7 -10 -11 -13   4
DST1407*29  X220   0 -14 -13 -10  -5   2   5   5   3   1   1   0  -1  -3  -4  -2   1   3   3   5   8   7   7   8   7   1
DST1407*30  X220   0   3  -1   1   5   5   1   0   0  -1  -3  -6  -4   0   2   3   3   4   4   5   4   4   4   5   4   2
DST1407*31  X220   0   2  -1   0   3   4   5   5   7   8   9  10  13  12  10   9   6   6   6   4   4   6   3   2   4   6
DST1408*01  X220   0   1  -2  -3   0   3   9  14  14  11   7   1  -3   2   6   9   7   9  12  12   4  -2   0  -3  -3   4
DST1408*02  X220   0  -6 -10 -11 -11 -14 -15 -15 -14  -7  -6 -11 -12 -12 -15 -18 -17 -13 -11  -8  -6  -5  -5  -5  -5 -11
DST1408*03  X220   0  -4  -3  -4  -9 -10  -5  -1   1  -1  -1  -4  -3   2   4   2   3   4   2   0  -4  -6 -10 -10  -3  -3
DST1408*04  X220   0  -1  -2  -1  -6 -12 -14 -10  -7  -9 -15 -19 -16 -13 -12 -12 -14 -13 -14  -8 -11 -18 -15  -9  -6 -11
DST1408*05  X220   0  -7 -13 -11 -11 -11 -15 -18 -14  -9  -8 -11 -18 -22 -22 -22 -20 -18 -16 -21 -25 -25 -21 -15 -11 -16
DST1408*06  X220   0  -8 -10 -11 -18 -24 -28 -25 -23 -18 -18 -19 -21 -24 -24 -23 -20 -19 -16 -16 -17 -14  -9  -4   1 -17
DST1408*07  X220   0   3   3  -3  -7  -9  -8  -7  -9  -9 -10  -9 -12 -13 -11  -7  -2   0  -3  -7 -13 -13  -8  -4  -4  -7
DST1408*08  X220   0  -9 -14 -18 -13 -11 -13 -18 -23 -20 -17 -14 -10  -7  -6  -6  -6  -4  -3  -4  -8  -8  -7  -4  -3 -10
DST1408*09  X220   0  -5  -8  -9 -10 -13 -11  -9  -8  -5  -4  -1   1   1   0   0  -2  -3  -2  -2  -3  -2  -1   3   7  -4
DST1408*10  X220   0   8   6   4   4   3   3   4   3   4   7   7   3  -2  -5 -10 -12  -8  -7  -8  -7  -8  -4   6  14   0
DST1408*11  X220   0  14  12   5   2   2   4  10  13  12  11  14  14  12   9   7   1  -6  -4  -2  -2  -2  -2   2  -2   5
DST1408*12  X220   0  -7 -11 -13 -13  -8  -3   0   2   3   1   2   3   2   0  -3  -6  -4  -9 -16 -11 -14  -9  -7  -9  -5
DST1408*13  X220   0 -14 -15 -13 -14 -11  -9  -9 -10 -14 -14 -12  -6  -3  -5 -10 -11 -10  -5  -4  -5  -8  -6  -2   1  -9
DST1408*14  X220   0  -3  -8 -11 -12  -9  -7  -6  -4  -5  -4  -5  -3   0  -3  -7 -10  -8  -5  -5  -3  -1   0   4   8  -4
DST1408*15  X220   0   6   1  -2  -6  -3  -1   1   2   3   2   1   1  -2  -1  -7 -10  -8  -5  -3  -2  -1  -1  -1  -1  -2
DST1408*16  X220   0  -2  -6  -9  -9  -6  -3   0   1   2   2   3   5   6   5   4   4   4   5   2   0  -1   0   4   6   1
DST1408*17  X220   0   9   5   1   1   4   8  13  15  16  16  16  20  28  19  18  18  20  21  19  19  19  17  13  14  15
DST1408*18  X220   0   8   5   1   1   3   3   5   2   4   4   5   7   8   4   1   1   1   0  -2  -3  -1   0   0   2   2
DST1408*19  X220   0   0  -1  -2  -2  -1   0   2   9   7   4   4  13  14  11  10  12  16  18   5  -4  -7 -13 -12 -11   3
DST1408*20  X220   0 -10  -8 -12 -11  -9  -8  -2   0   0   0  -1   2   0  -1  -6 -10 -10  -8  -8  -6   1  -2  -4  -5  -5
DST1408*21  X220   0 -11 -22 -26 -28 -27 -28 -30 -30 -28 -20 -19 -20 -20 -21 -24 -26 -27 -28 -29 -27 -25 -23 -18 -13 -24
DST1408*22  X220   0 -15 -19 -18 -16 -14 -10  -9  -7  -7  -8  -9  -8  -8  -7  -7  -9  -8  -7  -7  -6  -5  -5  -6  -4  -9
DST1408*23  X220   0  -2  -2  -5  -6  -6  -7  -6  -6  -5  -3   0   2   4   6   2   0   1   0   0   0  -1   2   4   5  -1
DST1408*24  X220   0   7   8   6   3   2   1  -1  -4  -5  -6  -3  -4  -5  -4  -1  -2   2   3   1   3   5   4   2   0   1
DST1408*25  X220   0  -2  -1   5   9  12  10   8  10   9   8   6   6   4   6   4  -2   0   1   2   6   8   7   5   3   5
DST1408*26  X220   0   1   1   1   3   5   5   7   8   8   8   9   6   6  12  15  15  12  11  13  14  13   9   7   7   8
DST1408*27  X220   0   8   8   9  11   0 -12 -20 -28 -38 -49 -58 -62 -58 -54 -60 -70 -74 -71 -79 -75 -74 -71 -64 -53 -43
DST1408*28  X220   0 -48 -48 -49 -46 -53 -57 -63 -60 -51 -44 -40 -41 -41 -40 -36 -40 -50 -52 -50 -40 -37 -37 -32 -27 -45
DST1408*29  X220   0 -26 -29 -34 -30 -33 -37 -41 -37 -31 -26 -32 -36 -26 -20 -22 -23 -24 -20 -15 -22 -32 -28 -24 -32 -28
DST1408*30  X220   0 -40 -43 -41 -38 -39 -32 -27 -21 -21 -22 -22 -23 -21 -17 -16 -16 -14 -15 -19 -22 -19 -13 -11 -13 -24
DST1408*31  X220   0 -18 -22 -23 -21 -19 -21 -17 -15 -12 -13 -22 -26 -28 -23 -19 -20 -19 -20 -18 -19 -21 -20 -26 -32 -21
DST1409*01  X220   0 -30 -32 -39 -36 -32 -26 -23 -26 -27 -25 -22 -18 -18 -20 -21 -25 -24 -20 -22 -21 -20 -14 -13 -16 -24
DST1409*02  X220   0 -19 -19 -17 -17 -15 -15 -17 -13 -12 -14 -13 -18 -16 -14 -17 -23 -23 -22 -21 -17 -19 -22 -20 -19 -18
DST1409*03  X220   0 -20 -20 -21 -22 -23 -23 -23 -21 -20 -19 -20 -16 -14  -9  -9 -12 -17 -16 -15 -15 -14 -14 -14 -14 -17
DST1409*04  X220   0 -16 -19 -19 -20 -24 -25 -28 -27 -21 -19 -18 -19 -15 -13 -12 -14 -13 -13 -15 -15 -15 -16 -14 -13 -18
DST1409*05  X220   0  -7  -4  -4  -5  -9 -10 -13 -13 -12 -11  -9 -12 -13 -13 -10 -12 -18 -21 -22 -20 -15 -13 -11  -8 -12
DST1409*06  X220   0  -8  -7  -6  -5   0   3  -4 -14 -11  -4   1   0  -2  -5   6   4  -5  -2   1   0   3  -7 -12 -17  -4
DST1409*07  X220   0 -16 -22 -28 -27 -28 -22 -11  -8 -11 -11 -12 -14 -17 -17 -14 -17 -18 -18 -16 -14  -8  -7  -7  -5 -15
DST1409*08  X220   0  -7  -6  -6  -6  -6  -4  -3 -10  -9  -5  -3  -3  -5  -8 -10 -12 -10  -8  -9 -10  -8  -9  -7  -4  -7
DST1409*09  X220   0  -5  -5  -7  -7  -8  -9 -11 -10  -9  -7  -5  -3  -5  -4  -2  -3  -1   2   1   2   2  -3  -8  -9  -5
DST1409*10  X220   0  -8  -6  -5   0   3   5   6   5   0  -1  -2  -2  -4  -4   0   3   5   4   6   5   3   0   3   3   1
DST1409*11  X220   0  -5  -5  -8 -14 -13 -15 -13 -13 -15 -17 -21 -20 -15 -12 -11 -13 -15 -13 -11 -11 -11 -10  -7  -1 -12
DST1409*12  X220   0  16  -6 -31 -25 -23 -20 -19 -15 -12 -17 -22 -21 -21 -15 -10  -9  19   8   6  16  10 -20 -65 -88 -15
DST1409*13  X220   0 -63 -58 -62 -65 -61 -54 -33 -29 -43 -40 -41 -42 -44 -36 -32 -33 -26 -28 -26 -19 -22 -31 -39 -39 -40
DST1409*14  X220   0 -40 -40 -38 -36 -35 -34 -32 -31 -30 -32 -33 -31 -29 -27 -24 -23 -25 -29 -29 -28 -25 -22 -21 -21 -30
DST1409*15  X220   0 -22 -24 -25 -24 -23 -19 -16 -13 -14 -16 -18 -18 -16 -12  -9  -8 -11 -13 -14 -14 -14 -13 -12 -14 -16
DST1409*16  X220   0 -13 -11  -9  -6  -3  -7 -10  -7  -5  -6 -10 -10 -11  -8  -8 -10  -7  -8  -4  -2  -4  -8 -10 -14  -8
DST1409*17  X220   0 -21 -22 -18 -14 -12 -10 -11  -9  -8  -8  -4  -3  -4  -7  -7   2   3   2   2   3  -1   4   3   4  -6
DST1409*18  X220   0   7  11  10  10   8   6   8   8   9   6   2   1   4   8  10   8   7   3  -3  -7 -16 -18 -15 -19   2
DST1409*19  X220   0 -27 -35 -34 -30 -35 -32 -22 -10 -21 -19 -20 -18 -18 -14 -15 -19 -16 -25 -28 -23 -21 -24 -24 -23 -23
DST1409*20  X220   0 -23 -19 -16 -16 -17 -18 -18 -17 -17 -14 -15 -17 -17 -15 -17 -19 -19 -15 -12 -10 -10 -13 -14 -16 -16
DST1409*21  X220   0 -17 -11  -9 -10 -12 -16 -17 -16 -14 -11 -10  -9  -8  -9 -11 -13 -14 -12  -9  -7  -7 -11 -13 -14 -12
DST1409*22  X220   0 -12  -7  -6 -11 -15 -18 -22 -19 -16 -14 -20 -27 -25 -26 -26 -27 -26 -29 -29 -22 -18 -18 -16 -15 -19
DST1409*23  X220   0 -12 -10  -9  -5  -3  -5 -11 -11  -7  -4 -14 -18 -27 -25 -22 -17 -17 -19 -22 -30 -25 -18 -14 -20 -15
DST1409*24  X220   0 -32 -37 -40 -33 -35 -36 -34 -32 -33 -30 -28 -25 -21 -25 -24 -25 -30 -23 -25 -33 -35 -38 -31 -35 -31
DST1409*25  X220   0 -30 -25 -25 -27 -26 -23 -17 -16 -19 -23 -19 -16 -13 -11 -12 -11 -15 -17 -14 -17 -12 -12 -15 -21 -18
DST1409*26  X220   0 -23 -22 -16 -15 -18 -18 -15 -16 -13 -15 -22 -35 -30 -25 -32 -40 -40 -40 -35 -31 -33 -38 -38 -35 -27
DST1409*27  X220   0 -29 -30 -34 -33 -32 -36 -31 -33 -29 -24 -26 -28 -31 -27 -28 -31 -33 -32 -31 -30 -28 -25 -22 -20 -29
DST1409*28  X220   0 -19 -20 -17 -18 -16 -16 -15 -18 -20 -16 -11 -22 -30 -29 -29 -28 -29 -33 -34 -28 -23 -22 -22 -22 -22
DST1409*29  X220   0 -23 -21 -18 -14 -10  -8 -10 -15 -17 -12 -12 -14 -13 -18 -17 -18 -20 -20 -20 -21 -20 -24 -23 -22 -17
DST1409*30  X220   0 -23 -28 -31 -33 -39 -37 -36 -34 -35 -31 -32 -34 -34 -31 -28 -31 -35 -34 -36 -35 -30 -30 -34 -38 -33
DST1410*01  X220   0 -34 -32 -31 -27 -24 -23 -22 -26 -23 -23 -24 -23 -26 -28 -25 -25 -28 -31 -31 -28 -24 -22 -21 -19 -26
DST1410*02  X220   0 -19 -20 -17 -16 -15 -20 -19 -19 -15 -13  -8 -12 -16 -14 -16 -15 -15 -17 -16 -16 -19 -24 -27 -28 -17
DST1410*03  X220   0 -24 -23 -21 -19 -14  -9  -9  -7  -5  -7  -9  -9 -11 -12 -12  -8  -6  -4  -1  -1  -2  -2  -2  -2  -9
DST1410*04  X220   0   0   3   2   0  -2  -3  -5  -8  -6  -4  -2   2   3   2   2   3   2   0  -2  -5  -5  -4   1   6  -1
DST1410*05  X220   0   9   6  10  10   8   9   9  12  11   9   8   6   4   2  -1  -2  -8  -9  -9  -7  -5  -2  -1  -2   3
DST1410*06  X220   0  -3  -7  -9  -9  -5  -4  -5  -6  -8  -7  -6  -6  -7  -7  -4  -1  -1  -3  -5  -6  -6  -8  -6  -4  -6
DST1410*07  X220   0  -2  -6 -11 -11 -13 -12 -10  -9  -9  -8  -9 -12 -16 -15 -13 -11 -11 -11 -11  -9  -6  -7  -5  -2 -10
DST1410*08  X220   0   4   7   8  13  17  17  14  15  14  10  -5 -14 -23 -23 -19 -15 -18 -25 -28 -30 -30 -31 -29 -28  -8
DST1410*09  X220   0 -26 -27 -28 -30 -32 -34 -46 -51 -50 -40 -34 -30 -38 -39 -32 -27 -25 -26 -26 -23 -25 -24 -20 -18 -31
DST1410*10  X220   0 -19 -18 -22 -24 -29 -32 -27 -24 -25 -24 -21 -19 -19 -18 -16 -18 -21 -20 -18 -14 -12 -18 -22 -25 -21
DST1410*11  X220   0 -28 -30 -33 -31 -27 -25 -31 -39 -42 -40 -38 -34 -35 -33 -28 -25 -20 -14  -9  -7  -6  -9 -12 -14 -25
DST1410*12  X220   0 -14 -13 -10  -7  -6  -5  -4  -3  -4  -4  -4  -5  -4  -3   0  -2  -3  -4  -1   4  15  16  11   7  -2
DST1410*13  X220   0   7   6   7   7   8   9   9  -1  -3  -3  -3  -3   1   2   3   0  -3  -2  -7  -3  -1  -3 -12 -10   0
DST1410*14  X220   0  -9 -11 -11  -6   1   7   9   8   9   7  10   9   5   2   4   1 -26 -35 -46 -46 -36 -34 -47 -49 -12
DST1410*15  X220   0 -36 -40 -44 -41 -38 -34 -34 -29 -26 -21 -18 -16 -19 -21 -23 -27 -29 -25 -22 -18 -16 -15 -15 -16 -26
DST1410*16  X220   0 -16 -20 -17 -18 -18 -18 -20 -21 -18 -14 -13 -14 -22 -20 -20 -18 -16 -15 -15 -15 -11 -14 -20 -19 -17
DST1410*17  X220   0 -19 -18 -16 -22 -27 -21 -16 -16 -19 -18 -15 -12 -12 -11 -10 -12 -13 -16 -17 -18 -17 -21 -21 -20 -17
DST1410*18  X220   0 -24 -31 -28 -25 -19 -20 -14 -13 -16 -16 -16 -16  -4  -2  -5 -13 -21 -20 -23 -24 -28 -30 -32 -25 -19
DST1410*19  X220   0 -31 -37 -36 -30 -24 -23 -26 -33 -31 -27 -23 -24 -30 -32 -30 -28 -25 -26 -26 -30 -28 -21 -14 -12 -27
DST1410*20  X220   0 -16 -19 -18 -15 -16 -26 -34 -36 -33 -27 -26 -28 -41 -49 -44 -38 -48 -51 -50 -50 -41 -37 -38 -44 -34
DST1410*21  X220   0 -43 -39 -39 -39 -38 -37 -36 -46 -45 -34 -30 -31 -33 -28 -30 -33 -36 -36 -33 -38 -39 -33 -33 -36 -36
DST1410*22  X220   0 -40 -41 -46 -42 -37 -35 -35 -35 -29 -25 -22 -22 -22 -28 -30 -27 -31 -27 -31 -29 -28 -30 -28 -26 -31
DST1410*23  X220   0 -25 -25 -26 -27 -24 -22 -24 -24 -27 -32 -31 -25 -23 -25 -24 -16 -17 -18 -20 -20 -19 -15 -15 -19 -23
DST1410*24  X220   0 -22 -23 -21 -20 -19 -19 -22 -24 -30 -32 -32 -26 -20 -19 -26 -27 -33 -40 -40 -35 -33 -29 -26 -30 -27
DST1410*25  X220   0 -32 -34 -29 -27 -31 -36 -33 -32 -32 -29 -24 -26 -31 -33 -27 -21 -17 -17 -16 -19 -17 -20 -20 -20 -26
DST1410*26  X220   0 -26 -26 -30 -29 -24 -25 -32 -41 -36 -30 -27 -25 -26 -30 -34 -36 -35 -30 -27 -26 -20 -17 -17 -21 -28
DST1410*27  X220   0 -27 -30 -30 -27 -27 -32 -30 -31 -35 -35 -28 -29 -26 -21 -16 -13 -16 -21 -18 -20 -24 -31 -40 -49 -27
DST1410*28  X220   0 -54 -57 -50 -49 -48 -48 -45 -40 -39 -43 -44 -38 -35 -33 -29 -27 -26 -23 -24 -26 -34 -32 -30 -30 -38
DST1410*29  X220   0 -32 -38 -42 -41 -36 -32 -35 -38 -37 -36 -34 -31 -27 -23 -20 -22 -26 -28 -26 -27 -26 -23 -24 -27 -30
DST1410*30  X220   0 -29 -29 -28 -27 -27 -25 -26 -26 -28 -27 -27 -23 -17 -12 -11 -12  -9  -8 -10 -10 -11 -10  -4  -9 -19
DST1410*31  X220   0  -8  -6  -6  -7 -12 -10  -9 -10  -4  -3  -1  -1   1   0   3   3   0  -2  -3  -6 -15 -16 -15 -16  -6
DST1411*01  X220   0 -16 -15 -15 -15 -14 -14 -14  -4  -3   1   1  -1  -3  -5  -4  -3  -6  -8  -7  -4  -2  -2  -4  -6  -7
DST1411*02  X220   0  -8  -7  -7  -9 -13 -11 -13 -12  -7  -3   5   3  -3  -7  -4   3  -2  -1  -1   3   9   9   8   3  -3
DST1411*03  X220   0   2   2  -6  -6  -6  -6  -7  -7  -6   1   1  -4  -3   0   1   2   2   1  -1  -3  -3   0  11  23  -1
DST1411*04  X220   0  25  25  22  21  19  22  19  11  -2 -23 -44 -40 -29 -36 -44 -40 -31 -23 -20 -23 -28 -19 -18 -22 -12
DST1411*05  X220   0 -24 -21 -21 -20 -31 -28 -26 -27 -34 -43 -39 -40 -38 -25 -19 -19 -23 -23 -22 -20 -21 -25 -29 -26 -27
DST1411*06  X220   0 -26 -25 -23 -22 -22 -27 -27 -26 -21 -15 -15 -16 -17 -15 -11  -8 -10 -11 -10  -7  -9  -8 -12 -18 -17
DST1411*07  X220   0 -22 -22 -20 -20 -27 -27 -26 -20 -17 -17 -15 -13 -10 -14  -8  -4  -4  -6  -5  -1   1  -8 -14 -22 -14
DST1411*08  X220   0 -21 -23 -24 -24 -24 -25 -23 -20 -19 -17 -14 -16 -14  -9 -14 -12 -13 -11 -11  -9  -7  -6  -9 -14 -16
DST1411*09  X220   0 -12 -14 -17 -14 -13  -9 -11 -10  -9  -3   2   1  -2   0   1   1  -3  -5 -14 -19 -15  -7  -5  -8  -8
DST1411*10  X220   0 -16 -29 -16  -4  -7 -11 -12  -7 -20 -14 -13 -32 -38 -34 -41 -38 -46 -65 -53 -49 -52 -49 -45 -42 -31
DST1411*11  X220   0 -40 -36 -41 -40 -41 -41 -38 -34 -26 -25 -23 -22 -18 -11  -5  -5  -9 -10  -8  -7  -8 -14 -23 -36 -23
DST1411*12  X220   0 -40 -35 -35 -37 -37 -34 -30 -30 -33 -28 -27 -26 -24 -19 -17 -15 -15 -15 -15 -16 -13 -15 -16 -16 -25
DST1411*13  X220   0 -20 -23 -23 -25 -26 -23 -19 -17 -14 -11 -14 -13 -11 -11  -9  -7  -7  -7  -9  -8  -7  -5  -8 -13 -14
DST1411*14  X220   0 -10 -22 -24 -22 -23 -21 -12 -27 -26 -22 -20 -19 -14 -11  -4  -5  -6  -7  -8 -14 -20 -23 -22 -19 -17
DST1411*15  X220   0 -20 -21 -21 -23 -28 -33 -33 -35 -34 -35 -38 -36 -28 -31 -29 -26 -24 -19 -14 -15 -20 -19 -16 -26 -26
DST1411*16  X220   0 -22 -29 -42 -48 -48 -47 -56 -59 -50 -42 -37 -39 -35 -32 -38 -39 -39 -39 -41 -37 -33 -35 -31 -31 -40
DST1411*17  X220   0 -33 -32 -32 -36 -41 -40 -37 -30 -27 -25 -23 -21 -26 -28 -20 -18 -22 -24 -20 -17 -21 -18 -18 -21 -26
DST1411*18  X220   0 -25 -25 -28 -31 -30 -30 -34 -29 -26 -21 -23 -31 -32 -26 -24 -24 -28 -27 -27 -28 -27 -22 -20 -23 -27
DST1411*19  X220   0 -29 -31 -29 -29 -31 -34 -36 -34 -27 -22 -19 -18 -17 -12  -8  -8 -12 -13 -10 -11 -18 -17 -14 -11 -20
DST1411*20  X220   0 -15 -20 -19 -20 -25 -33 -38 -38 -34 -30 -23 -27 -25 -21 -17 -20 -28 -35 -36 -33 -26 -24 -23 -25 -26
DST1411*21  X220   0 -31 -33 -27 -26 -35 -43 -38 -34 -32 -33 -32 -26 -23 -19 -19 -26 -32 -34 -31 -29 -32 -33 -30 -31 -30
DST1411*22  X220   0 -33 -34 -34 -32 -34 -38 -35 -31 -32 -31 -32 -32 -27 -22 -18 -20 -20 -21 -21 -25 -21 -21 -21 -18 -27
DST1411*23  X220   0 -18 -20 -19 -20 -23 -29 -31 -27 -25 -26 -28 -32 -24 -25 -23 -27 -31 -32 -29 -27 -30 -31 -30 -29 -27
DST1411*24  X220   0 -30 -27 -28 -29 -31 -30 -31 -31 -27 -23 -23 -20 -19 -19 -19 -24 -29 -26 -26 -29 -31 -32 -31 -29 -27
DST1411*25  X220   0 -27 -25 -25 -24 -25 -24 -25 -22 -18 -16 -18 -20 -19 -11  -7  -9 -12 -17 -21 -19 -22 -25 -29 -19 -20
DST1411*26  X220   0 -21 -17 -16 -18 -20 -22 -22 -23 -25 -26 -22 -18 -16 -17 -16 -16 -18 -18 -16 -15 -15 -17 -20 -22 -19
DST1411*27  X220   0 -24 -21 -15 -13 -20  -7  -9  -8  -8  -4  -1   1   1   0   1  -2  -8  -3   3   2  -7 -15 -14 -17  -8
DST1411*28  X220   0 -17 -12  -6  -5  -3   1   0  -3  -2   0   1   0   1  -3 -13  -8 -10  -7  -7  -6  -5  -2  -3  -3  -5
DST1411*29  X220   0  -2   0  -1   2   5   3   3   4   8   9   8   6   3   2   3   6   7   3   1  -1   0  -3  -5   3   3
DST1411*30  X220   0  -3  -1   3   5   2   2   4   5   4   5   0   2   9  15  15  11   2  -5  -1  -1  -8 -12 -19 -18   1
DST1412*01  X220   0 -17 -12 -11  -9  -9  -5 -10  -8 -11 -10  -8  -2  -2   2  11  10   9   7  -1   3  -3  -7 -26 -28  -6
DST1412*02  X220   0 -23 -16 -18 -17 -17 -22 -28 -25 -20 -24 -28 -22 -13  -9  -8 -11 -21 -23 -26 -22 -19 -22 -23 -20 -20
DST1412*03  X220   0 -18 -23 -23 -20 -19 -19 -19 -16 -11  -5  -5  -7  -5  -4  -1  -2  -2  -3  -6 -15 -15 -14 -13 -13 -12
DST1412*04  X220   0 -18 -17 -12 -13 -17 -16 -14 -11  -9  -9  -9  -4  -2  -4  -8 -15 -22 -21 -18 -17 -14 -11 -12 -17 -13
DST1412*05  X220   0 -11  -6 -10 -16 -16 -27 -30 -29 -27 -26 -28 -23 -14 -15 -14 -16 -21 -23 -22 -20 -19 -18 -19 -18 -20
DST1412*06  X220   0 -16 -14 -12  -7 -13 -16 -13  -4   5   7  -1   2   9  11  12  19   9  11   9   3 -13 -15 -21 -30  -3
DST1412*07  X220   0 -27 -27 -26 -22 -22 -24 -28 -29 -25 -23 -28 -35 -23 -25 -31 -33 -36 -40 -37 -37 -43 -43 -42 -39 -31
DST1412*08  X220   0 -36 -36 -36 -35 -35 -34 -33 -29 -30 -28 -32 -33 -29 -27 -22 -21 -19 -24 -18 -24 -27 -27 -32 -35 -29
DST1412*09  X220   0 -42 -42 -34 -30 -30 -33 -35 -33 -28 -31 -37 -35 -35 -25 -28 -33 -33 -33 -28 -27 -32 -27 -25 -24 -32
DST1412*10  X220   0 -18 -16 -15 -13 -15 -14 -16 -21 -27 -23 -19 -20 -20 -16 -12 -13 -15 -17 -19 -21 -22 -23 -24 -24 -18
DST1412*11  X220   0 -21 -18 -13 -11 -11 -11 -10  -8  -6  -6  -8  -8  -6  -5  -5  -7  -8  -7  -8  -8  -3  -4   1   1  -8
DST1412*12  X220   0  -2  -2 -14 -14  -8  -8 -16 -22 -26 -29 -27 -21 -28 -37 -41 -50 -53 -49 -47 -51 -51 -45 -43 -40 -30
DST1412*13  X220   0 -37 -36 -35 -34 -33 -31 -26 -23 -24 -26 -26 -24 -25 -29 -26 -25 -29 -30 -28 -28 -28 -28 -36 -40 -29
DST1412*14  X220   0 -36 -32 -31 -31 -31 -31 -29 -27 -28 -27 -28 -28 -31 -32 -34 -32 -29 -29 -29 -31 -31 -26 -19 -17 -29
DST1412*15  X220   0 -15 -14 -13 -18 -21 -13 -11 -14 -27 -35 -37 -29 -23 -28 -32 -31 -30 -29 -28 -26 -25 -36 -36 -31 -25
DST1412*16  X220   0 -28 -26 -26 -23 -24 -23 -24 -23 -21 -20 -22 -24 -26 -24 -28 -23 -19 -18 -21 -19 -19 -24 -25 -27 -23
DST1412*17  X220   0 -31 -32 -29 -21 -28 -27 -22 -23 -27 -25 -22 -22 -23 -22 -21 -22 -26 -28 -25 -22 -22 -19 -16 -17 -24
DST1412*18  X220   0 -12  -9 -10 -14 -14 -12 -11 -11 -10 -14 -13 -11 -11 -11 -10 -11 -13 -14 -15 -13 -15 -16 -15 -15 -13
DST1412*19  X220   0 -12 -14 -13 -12  -9  -7 -12 -14 -15 -18 -17 -15 -16  -8  -6 -16 -20 -26 -32 -31 -26 -20 -17 -14 -16
DST1412*20  X220   0  -8 -10 -15 -15 -16 -18 -20 -18 -16 -17 -20 -23 -24 -20 -17 -19 -23 -22 -20 -17 -17 -18 -17 -16 -18
DST1412*21  X220   0 -11  -9  -9 -11 -19 -28 -34 -32 -28 -30 -33 -33 -30 -25 -27 -31 -38 -44 -44 -36 -41 -49 -45 -37 -30
DST1412*22  X220   0 -39 -40 -43 -50 -56 -71 -68 -62 -61 -55 -53 -44 -39 -36 -32 -23 -23 -21 -13  -7  -1   2   0   1 -35
DST1412*23  X220   0   0  -5  -6  -9 -13 -13  -8  -8  -9 -11 -13   7  11   8   4   5   2   2  -3  -9 -25 -45 -57 -50 -10
DST1412*24  X220   0 -57 -56 -54 -45 -40 -39 -42 -41 -35 -38 -42 -40 -35 -32 -29 -35 -39 -38 -42 -48 -43 -48 -53 -53 -43
DST1412*25  X220   0 -45 -36 -33 -34 -37 -39 -36 -34 -33 -32 -29 -25 -23 -31 -27 -32 -36 -35 -31 -25 -26 -36 -46 -49 -34
DST1412*26  X220   0 -47 -57 -52 -54 -52 -48 -45 -40 -39 -44 -42 -37 -32 -31 -29 -26 -24 -23 -29 -42 -49 -49 -46 -43 -41
DST1412*27  X220   0 -47 -46 -40 -36 -32 -36 -37 -36 -37 -35 -35 -32 -32 -33 -27 -23 -21 -22 -24 -25 -24 -22 -23 -22 -31
DST1412*28  X220   0 -18 -22 -24 -24 -20 -16 -14 -18 -18 -17 -18 -17 -16 -11  -8  -6 -11 -17 -12 -16 -25 -19 -17 -14 -17
DST1412*29  X220   0 -16 -13 -11 -10  -7  -9 -10 -11 -14 -21 -33 -30 -29 -25 -25 -18 -27 -40 -38 -33 -32 -42 -31 -40 -24
DST1412*30  X220   0 -37 -36 -36 -40 -40 -42 -29 -25 -26 -29 -28 -28 -26 -25 -22 -23 -21 -22 -21 -22 -29 -30 -36 -27 -29
DST1412*31  X220   0 -23 -18 -20 -17 -17 -19 -16 -14 -11  -9  -4  -4  -9 -16 -18 -15 -18 -19 -24 -26 -27 -27 -23 -23 -17
